0.039987 102
2.463387 2
0.000310 102
0.370300 2
0.000332 102
54.712905 1
0.122664 1
0.182669 2
0.004798 117
0.001048 102
1.458824 2
0.000369 102
0.238418 2
0.000398 102
423.072667 1
0.184300 1
0.171739 1
0.276057 1
0.412994 1
0.296695 1
1.137615 1
0.198053 1
0.227350 1
0.294931 1
0.295232 1
0.131025 1
0.469825 1
2.400246 2
0.018630 102
1.243319 1
0.103393 1
0.163862 1
0.593543 1
0.212060 1
1.040021 4
0.983565 1
0.215205 1
0.163902 5
0.342678 2
0.000653 118
0.693430 2
0.000485 118
1.149567 1
0.201698 1
0.164531 1
0.249581 1
0.227919 1
0.241729 1
1.522247 1
0.196479 1
0.188636 1
0.474246 1
0.641665 1
0.170161 1
1.514842 1
0.978749 2
0.004183 118
1.456888 1
0.104303 1
0.168644 1
0.738698 1
0.178910 1
0.385460 6
0.638257 2
0.000241 134
15.664500 1
0.101584 1
0.222267 1
0.811584 1
0.198685 1
0.177949 2
0.000454 118
1.483340 1
0.164352 1
0.509872 1
0.225850 1
0.263889 1
0.898346 1
0.514528 1
0.222884 1
0.318829 6
1.114226 2
0.047329 118
0.638899 2
0.000431 118
47.595854 1
0.197484 1
0.176466 1
0.199269 1
0.581518 1
0.171361 1
0.234840 1
0.266660 1
0.155285 1
0.182507 1
1.653591 46
7.894234 2
0.223186 36
3.397959 45
0.079970 33
0.001091 34
0.000937 34
0.016547 34
0.000664 34
0.013154 34
0.010510 34
0.001381 35
0.035419 35
0.000668 35
0.029740 35
0.020227 35
0.031496 35
0.000907 35
0.030049 35
0.054892 35
0.055204 35
0.033698 35
0.064144 35
0.033373 35
0.000849 35
0.181261 62
0.001168 62
0.042106 62
0.026415 62
0.000342 62
0.040688 62
0.032483 62
0.033054 62
0.034068 62
0.025674 62
0.043900 62
0.065699 62
0.057209 62
0.134112 62
0.026483 62
0.001239 62
0.030074 62
0.011278 62
0.026803 62
0.009241 62
0.037300 62
0.740746 62
0.106438 62
0.000525 62
0.027670 62
0.000419 62
0.054826 62
0.032012 62
0.001946 62
0.017033 62
0.051885 62
0.079357 62
0.036426 62
0.000864 62
0.023407 62
0.000653 62
0.026017 62
0.029696 62
0.000595 62
0.052902 62
0.031201 62
0.000600 62
0.000639 62
0.031795 62
0.000601 62
0.017328 62
0.000388 62
0.000644 62
0.019391 62
0.000120 62
0.025609 62
0.018921 62
0.000253 63
0.000316 63
0.000200 63
0.000187 63
0.011060 63
0.000173 63
0.000274 63
0.000121 63
0.000051 63
0.011596 63
0.000126 63
0.000186 63
0.000173 63
0.012212 126
0.000076 63
0.000268 63
0.000076 63
0.000971 63
0.000132 63
0.000262 63
0.000304 63
0.021286 71
0.000143 63
0.000587 63
0.000096 63
0.000099 63
0.000086 63
0.000233 63
0.000263 63
0.000230 132
0.000330 2
0.000956 31
0.000566 32
0.000377 32
0.000624 32
0.000219 32
0.000342 32
0.000426 32
0.002103 32
0.003954 33
0.001556 33
0.002735 33
0.000696 33
0.000682 33
0.001211 33
0.001017 33
0.000410 33
0.000157 33
0.000596 33
0.000236 33
0.000263 33
0.000842 33
0.002589 33
0.000575 33
0.001181 33
0.000503 33
0.001158 33
0.011069 33
0.013733 33
0.000187 33
0.000600 33
0.000562 33
0.000209 33
0.000286 33
0.000469 33
0.000732 33
0.000892 33
0.000410 33
0.000385 33
0.000590 33
0.000586 33
0.000676 33
0.000583 33
0.000127 33
0.000493 33
0.000544 33
0.000235 33
0.000572 33
0.000745 33
0.000190 33
0.000244 33
0.000178 33
0.000874 33
0.000837 33
0.000409 33
0.000230 33
0.000558 33
0.010382 74
0.319256 118
43.816001 2
0.000561 118
0.157514 2
0.000436 118
0.511508 1
0.145452 1
0.125725 2
0.004776 34
0.001818 118
0.617708 2
0.000579 118
0.156095 2
0.000455 118
0.886204 1
0.129814 1
0.174400 1
1.219445 1
0.213434 1
0.290210 1
0.522969 14
1.357503 1
1.169505 4
0.397790 4
0.579278 1
3.564193 1
0.314200 1
0.184118 1
0.396334 1
0.260692 1
0.203490 1
0.865898 1
0.441901 2
0.047168 118
0.540823 2
0.000435 118
0.153220 2
0.000401 118
0.521891 1
0.119758 1
0.120473 2
0.005753 25
0.001178 118
0.669881 120
0.177476 2
0.000434 118
7.236988 1
0.146528 1
0.160375 1
1.539167 1
0.217894 1
0.161833 1
0.608120 5
0.982807 2
0.000708 134
0.618444 2
0.000669 134
33.290887 1
0.147210 1
0.373473 1
1.263583 4
0.377754 2
0.004204 218
0.001028 134
0.655238 136
0.230682 2
0.000400 134
118.237141 1
0.883501 1
0.638906 1
0.733609 1
0.175536 1
0.225855 120
1.888232 1
0.137594 1
0.446212 1
0.177372 1
0.147971 1
0.218951 1
2.182935 1
0.232258 1
0.605600 1
0.408478 5
0.532447 2
0.086709 57
0.001423 118
0.792365 2
0.000490 118
0.242535 2
0.000332 118
48.993447 1
0.152010 1
0.689467 2
0.003394 118
0.636816 2
0.000350 118
0.190137 120
1.321497 1
0.125921 1
0.122971 1
0.487598 1
0.251273 1
0.194222 1
0.868890 1
0.258338 1
0.203155 1
0.745339 1
0.322256 2
0.000789 46
0.000432 118
2.923823 1
0.191925 1
0.217677 1
0.194295 1
0.127315 1
0.408400 1
0.565356 1
0.212754 1
0.104410 1
0.701519 1
0.490920 4
0.185328 1
0.333330 1
0.200930 1
0.719347 1
0.280454 2
0.004597 118
0.519064 120
0.168320 2
0.000475 118
0.489425 1
0.100578 1
0.172591 1
0.849875 1
0.246896 1
0.247421 6
0.475620 2
0.000620 134
0.567786 2
0.000373 134
0.183814 2
0.000366 134
1.764257 1
0.163102 1
0.298273 1
0.252777 1
0.496126 1
0.136923 1
0.226253 1
0.289021 1
0.117849 1
0.227657 1
1.215108 46
1.097323 2
0.004523 36
2.556825 45
0.018586 33
0.001008 34
0.079566 34
0.030921 34
0.001170 34
0.037972 34
0.077881 34
0.000913 35
0.055053 35
0.000886 35
0.121317 35
0.047246 35
0.068409 61
0.000785 61
0.052942 61
0.100201 61
0.049040 61
0.037974 61
0.122382 61
0.041909 61
0.000711 61
0.149545 62
0.093545 62
0.001092 62
0.054275 62
0.035752 62
0.000486 62
0.027833 62
0.047507 62
0.038877 62
0.019158 62
0.030947 62
0.069084 62
0.312083 62
0.016575 62
0.052728 62
0.000797 62
0.027357 62
0.022164 62
0.005745 62
0.018029 62
0.031453 62
0.327575 62
0.385681 62
0.000429 62
0.003236 62
0.000345 62
0.012229 62
0.024984 62
0.000638 62
0.019204 62
0.011727 62
0.028202 62
0.017449 62
0.000806 62
0.022330 62
0.000666 62
0.024827 62
0.016248 62
0.000500 62
0.054949 62
0.011677 62
0.000531 62
0.000476 62
0.009108 62
0.000493 62
0.011079 62
0.000434 62
0.000674 62
0.036519 62
0.000682 62
0.000092 62
0.011399 62
0.017575 62
0.000321 63
0.000543 63
0.000220 63
0.000229 63
0.018675 63
0.000186 63
0.000369 63
0.000036 63
0.000093 63
0.015848 63
0.000180 63
0.000313 63
0.000154 63
0.056170 126
0.000097 63
0.000376 63
0.000034 63
0.000577 63
0.000206 63
0.000254 63
0.000157 63
0.023285 63
0.000461 63
0.000101 63
0.000089 63
0.000099 63
0.003464 71
0.000287 63
0.000539 197
0.000705 31
0.000657 32
0.000800 32
0.001586 32
0.000362 32
0.000504 32
0.002819 32
0.002450 32
0.000993 33
0.000674 33
0.000062 33
0.000555 33
0.000450 33
0.001261 33
0.003756 33
0.000201 33
0.000573 66
0.001096 33
0.001532 33
0.001474 33
0.000719 33
0.000176 33
0.000411 33
0.001008 33
0.000950 33
0.009932 33
0.013823 33
0.002223 33
0.000077 33
0.000582 33
0.000645 33
0.000162 33
0.000558 33
0.000908 33
0.000184 33
0.000642 33
0.000202 33
0.000858 33
0.000523 33
0.000546 33
0.000588 33
0.000487 33
0.000106 33
0.000399 33
0.000950 33
0.000353 33
0.000137 33
0.000520 33
0.000393 33
0.000896 33
0.000780 33
0.000093 33
0.000613 33
0.013301 74
0.244549 134
1.448715 2
0.000590 134
0.193640 2
0.000425 134
0.630622 1
0.185091 1
0.158567 1
1.716135 1
0.143606 1
0.477652 15
1.333769 4
0.416420 1
0.559175 1
2.474661 1
0.213323 1
0.154833 1
0.221370 1
1.972686 1
0.229284 1
0.191497 1
0.416444 1
9.590013 10
0.251226 8
0.241892 6
0.221746 3
0.859581 1
0.224149 1
0.179448 1
1.073787 1
1.088104 2
0.006106 134
1.549468 2
0.000205 134
0.871309 1
0.141640 1
0.191372 2
0.004116 22
0.001181 134
0.719993 2
0.000620 134
0.229705 2
0.000431 134
7.873956 1
0.162526 1
0.270055 1
0.449684 1
4.795974 1
0.247750 1
0.137424 1
0.144631 1
0.172917 1
0.363758 1
0.687879 1
0.210471 1
0.264157 1
0.100559 1
4.252247 2
1.121031 72
0.001677 61
0.095617 45
0.000849 2031
0.000102 939
0.011428 100
0.002127 2047
0.000148 978
2.362534 21
0.000317 83
0.881427 30
1.880299 28
0.209727 28
0.232734 28
0.251455 41
0.939446 28
0.140961 28
0.342978 28
0.375166 30
0.457108 29
0.162049 29
2.818803 39
0.862973 28
0.170272 28
0.337425 28
0.250803 28
0.560623 36
0.247814 36
0.914282 28
0.300623 28
0.213777 28
0.937913 36
0.715719 28
0.166746 28
0.265927 28
0.284604 28
0.227163 30
0.354249 29
1.402323 48
1.062303 29
0.176331 29
0.226266 29
0.776639 38
0.308171 29
0.086615 29
0.408061 29
0.451886 29
0.904248 29
0.217888 30
0.246144 29
0.683942 29
0.851947 29
0.294123 29
0.183308 29
0.162641 29
0.257958 29
0.248882 29
0.342954 29
0.172037 30
0.252762 29
0.973104 39
2.250509 28
0.174422 28
0.288974 28
0.583243 40
1.070395 28
0.304638 28
0.973974 28
0.249877 28
0.184135 30
0.411274 29
1.914736 39
2.181160 28
0.297795 28
0.253599 28
0.816153 40
1.164632 28
0.350910 28
0.932304 28
0.752194 27
1.185224 30
0.224865 29
0.176614 29
0.262244 29
0.162947 29
0.781144 29
0.173325 29
0.303757 28
1.117975 29
0.374611 29
0.222100 30
0.713375 29
0.288909 28
0.535011 29
0.365945 29
0.646204 28
3.029240 39
2.641285 28
0.219806 28
0.181576 28
0.391843 40
0.937751 28
0.266719 28
0.171166 28
0.254768 27
0.742640 27
0.570945 28
0.418962 29
0.430624 28
1.169033 29
0.514299 29
0.149929 29
0.177667 29
0.680148 29
1.500698 29
0.213294 29
0.484661 29
0.758847 30
0.492278 29
0.307429 29
0.501320 29
0.198756 29
0.879780 29
1.371885 39
1.359021 28
0.199098 28
0.995362 36
0.192569 36
1.185965 28
0.329293 28
0.494049 28
0.275638 28
0.305184 28
0.279975 28
0.749140 43
1.053050 28
0.281382 30
1.052149 39
2.308665 28
0.236039 28
0.454422 28
0.221831 28
0.534344 28
0.487580 28
0.238271 28
0.220078 28
0.275283 30
0.467604 29
0.523912 48
4.578216 29
0.360914 29
0.173243 29
0.806066 29
0.184218 29
0.203876 28
1.673784 29
1.381001 30
0.863725 29
0.200577 29
0.392723 29
0.167191 29
0.958677 29
0.365962 29
0.429628 29
0.277461 29
0.226588 29
0.246074 30
4.418903 40
0.100219 17
0.000534 33
0.762751 55
0.317468 1
0.208141 1
0.611701 1
0.000070 14
0.000115 12
0.040393 23
0.035482 62
0.009283 134
4.544262 2
0.000528 134
0.671547 1
0.261773 1
0.323958 2
0.004103 34
0.001030 134
0.619737 2
0.000312 134
6.455431 1
0.198500 1
0.215635 1
0.228187 1
0.652539 1
0.178564 1
0.113212 1
0.124873 1
0.217211 1
0.197722 1
1.178494 1
0.245796 1
0.249017 1
0.215704 1
0.289612 1
0.215288 1
0.217478 1
0.333500 1
7.767552 1
0.580770 1
0.521764 1
0.158115 1
0.807597 2
0.041746 72
0.000409 69
0.212111 27
0.000037 18
0.001209 2031
0.000150 939
0.010051 100
0.003185 2047
0.000699 986
3.433634 21
0.000092 83
1.541022 30
0.143036 28
0.226797 28
0.142581 28
0.298946 28
0.212344 28
0.280040 28
3.634867 62
0.444505 39
0.183906 29
1.071363 28
0.476041 30
0.217618 30
0.382669 30
0.735189 28
0.663627 39
6.501909 28
0.274190 28
0.136659 28
0.282803 28
0.530843 28
0.201954 28
0.263206 28
0.220920 28
0.832343 65
2.021625 49
1.706718 27
0.853993 27
1.099973 78
0.891765 28
1.086769 71
2.570295 30
0.273731 29
0.199550 29
0.623325 38
0.210898 38
0.496458 37
0.029556 27
0.034118 27
0.031933 27
0.030885 27
0.266390 27
1.218569 28
0.302118 28
0.176878 28
0.976937 28
1.302765 62
0.264227 73
0.897302 28
0.256304 28
0.201192 28
0.457328 27
0.484847 27
2.142723 28
0.224891 28
0.153738 30
0.248421 29
0.158080 29
0.836775 65
1.375511 28
3.012733 29
0.162564 29
0.249765 29
0.093975 29
0.312215 29
0.199693 30
0.874437 29
3.776256 29
1.151660 38
1.095015 29
0.281385 29
0.287825 29
0.405561 29
0.460347 29
0.174010 29
1.723106 29
1.768603 71
2.117390 28
0.367160 28
0.203822 30
0.214500 29
0.219264 29
0.244056 28
1.049851 28
0.538542 65
0.604817 28
1.024946 29
1.662629 71
1.343768 28
0.328685 28
0.309557 30
0.391646 29
0.144365 29
0.274585 29
0.257413 29
0.177493 29
0.264057 29
1.050036 29
0.409539 29
0.154412 29
0.141387 30
0.245158 29
2.382255 28
1.202698 28
0.834687 75
0.693612 28
2.249131 29
0.183166 29
0.262677 29
0.141128 29
0.308927 29
0.186897 29
6.444986 30
0.776637 29
0.269241 29
4.564421 38
0.263214 38
0.500312 39
0.033503 38
0.025279 38
0.028938 38
0.173066 38
0.211460 38
0.377262 38
0.752381 29
0.245204 29
0.199944 29
0.472603 29
0.447858 29
0.260313 29
3.175544 71
1.417090 28
0.200824 28
0.193045 30
0.271745 29
0.339364 29
0.438709 65
1.659991 73
1.475959 28
0.258092 28
0.497348 28
0.031607 28
0.031560 28
0.384289 28
0.418657 27
0.987601 28
0.328022 40
2.451649 37
0.265097 37
0.501436 28
1.302168 38
0.220264 38
0.362231 38
0.930140 38
0.937608 38
0.534374 38
0.296274 38
0.706128 28
7.301696 73
1.510630 16
0.000041 22
0.100267 17
0.001009 32
0.740423 21
0.000027 27
0.000045 6
0.435881 1
0.261383 1
0.549233 1
0.000065 14
0.000140 20
0.054661 24
0.002345 15
0.000042 47
0.003450 134
0.651717 2
0.000113 134
0.235894 2
0.000414 134
1.366823 1
0.243576 1
0.037925 1
0.200157 1
0.140333 1
0.241374 1
0.943228 1
0.162253 1
0.222579 1
0.251734 1
0.757874 5
0.487167 1
0.231586 1
0.976530 4
0.387595 4
1.562894 1
0.308296 1
0.277546 1
0.604537 1
0.154131 1
1.602842 2
34.478213 60
19.999670 15
14.482575 22
0.000392 2
2.330850 20
0.000296 41
0.000254 2
1.080763 19
0.000414 20
0.015103 21
0.000404 2
9.362973 31
5.322461 46
0.000115 20
0.000128 34
0.000117 2
2.088718 31
81.809654 81
13.386717 81
5.332589 81
0.096845 74
0.847767 29
0.038993 46
15.474673 122
0.084176 134
4.406534 20
0.284798 42
0.318952 27
0.409125 24
5.740572 27
0.402459 16
6.417837 2
0.400325 72
0.000447 59
0.074966 27
0.000033 18
0.002047 2047
0.000096 500
0.008588 100
0.003517 2047
0.000301 511
13.012249 24
0.000558 40
1.117053 24
0.000710 41
0.601907 23
0.000683 43
0.961515 22
0.000163 86
0.947683 28
0.393274 28
0.253600 28
0.375714 28
1.154963 32
1.600728 28
0.371245 31
0.257855 31
0.902547 28
0.499249 28
0.030487 28
0.029327 28
0.033880 28
0.032969 28
0.028451 28
0.030707 29
0.028958 1
1.690849 40
0.100385 17
0.000366 33
1.000544 22
0.000040 27
0.000025 6
0.609472 1
0.231605 1
0.895079 1
0.000081 14
0.000096 12
0.112710 17
0.002573 33
0.000037 29
0.003078 134
2.828913 14
0.867943 34
0.574912 42
0.447074 46
2.585823 38
0.485361 17
0.495696 2
0.000535 134
0.823864 14
0.245158 34
1.675413 2
1.187544 15
0.732811 22
0.000448 2
0.053238 20
0.000472 41
0.000246 2
0.012614 19
0.000287 20
0.000312 21
0.000268 2
0.007228 19
0.000433 20
0.000542 35
0.000553 2
7.490688 31
61.289019 81
9.888825 81
2.062522 81
0.059328 74
1.410739 24
0.036943 1253
0.000091 210
0.001141 28
0.000172 23
0.000459 23
2.933780 81
0.664512 81
0.086759 81
1.827798 81
2.488183 81
1.464492 81
2.239185 81
1.283218 81
0.199667 81
0.220458 81
1.034525 81
0.001237 82
0.000827 82
0.003288 153
0.061677 81
1.872302 240
4.937911 27
0.095883 27
0.130776 30
0.000537 26
0.797416 27
0.000278 2
0.001705 21
4.703523 79
0.142330 82
0.747801 82
5.331976 82
0.677198 82
0.621216 82
0.744719 82
0.461955 82
0.868498 82
0.569593 82
0.853722 82
0.562725 82
2.077993 82
0.499355 82
1.493339 82
0.718382 82
1.145139 82
0.000144 82
0.000107 82
0.000110 82
0.000084 82
0.000085 82
0.000099 82
0.000253 82
0.000268 164
0.000128 82
1.037365 921
0.000469 11
14.975672 46
0.000097 20
0.000207 37
2.310750 20
0.000287 20
0.000198 2
2.177055 31
1.417097 46
0.000452 20
0.000439 40
0.000330 2
1.748998 31
2.257371 74
0.014505 33
0.257439 36
0.003107 176
0.101258 23
7.725797 43
0.000027 4
0.072452 134
380.570713 2
0.029651 134
0.149205 2
0.000420 134
0.659932 1
0.241808 1
0.088726 1
0.217684 1
0.138143 1
0.286442 1
0.132396 1
0.923639 4
1.067537 1
0.366562 1
0.165373 1
0.911416 1
0.240296 1
0.260813 1
0.185204 1
0.910525 1
0.154459 1
0.670537 1
0.130874 1
0.305389 2
2.427768 69
0.000108 2
0.000060 69
0.000049 2
0.000054 69
0.000302 2
0.099345 134
82.714605 2
0.000365 134
0.191718 2
0.000477 134
200.725373 1
0.592369 17
0.493079 7
1.432334 4
0.501539 4
0.030555 4
0.033817 4
0.186988 4
0.532821 1
0.325007 1
0.664155 1
0.679094 1
0.230260 2
1.795302 23
22.040232 9
0.000553 38
0.251261 23
0.934776 9
0.000092 38
0.000564 34
2.204466 134
124.752002 136
0.164784 2
0.000401 134
2.653523 1
0.127901 1
0.168166 2
0.641693 54
0.001181 134
1.071206 2
0.000388 134
0.380860 2
0.000361 134
25.966924 1
0.113303 1
0.242890 1
0.160672 1
0.579959 1
0.112164 1
0.221313 1
0.262275 1
0.133425 1
0.827476 1
14.240412 49
1.181818 2
0.220114 37
13.409167 43
2.266086 67
0.294484 31
0.000517 31
0.000455 31
0.000623 31
0.000570 31
0.000691 31
0.000590 31
0.000606 31
0.000598 31
0.000508 32
0.000608 32
0.000720 32
0.000595 32
0.000515 32
0.000851 32
0.000857 32
0.000659 32
0.000738 32
0.001130 32
0.000634 32
0.000664 32
0.000830 32
0.000677 32
0.000581 32
0.000655 32
0.000658 32
0.000651 32
0.000488 32
0.000732 32
0.000592 32
0.000836 32
0.000766 32
0.000777 32
0.000503 32
0.000744 32
0.000485 32
0.000045 64
1.097432 134
15.293526 2
0.000483 134
0.216293 2
0.000214 134
2.549431 1
0.270540 1
0.184635 1
0.107792 1
0.883002 4
0.504484 4
0.028578 4
0.030396 4
0.030756 1
0.685242 1
0.153689 1
0.120478 2
0.046063 67
0.001293 134
0.735060 2
0.000328 134
0.188300 136
1.371017 1
0.114568 1
0.222579 1
1.835736 4
0.503903 4
0.030678 4
0.037175 1
0.026799 1
0.029816 1
0.626731 1
0.177582 1
0.162803 1
1.228724 1
0.193619 1
0.531266 1
2.354613 1
1.698229 4
0.193091 4
0.617700 1
0.230968 1
0.406489 16
1.192242 4
0.347226 1
0.763300 1
0.250908 1
0.179752 1
0.754498 1
0.796410 2
0.226403 134
0.824000 2
0.000450 134
0.185271 2
0.000291 134
1.759895 1
0.113738 1
0.156654 1
0.272493 1
1.445301 1
0.165414 1
0.132956 1
0.368939 8
0.345106 2
0.069784 152
0.000328 134
1.972117 136
0.188652 2
0.000369 134
2.611765 1
0.160557 1
0.101253 1
0.139769 1
0.179553 1
0.222389 1
0.780415 1
0.179362 1
0.228473 1
0.234787 1
0.283855 1
0.217957 1
0.110101 1
0.282536 1
0.201234 1
1.199747 1
0.286270 1
0.293470 1
1.033622 1
0.163791 1
2.490781 2
1.762209 60
1.237011 23
12.443287 43
0.000046 4
0.110603 134
2.250838 2
0.000358 134
0.184329 2
0.000423 134
22.174529 1
0.111534 1
0.165222 2
0.003897 54
0.000931 134
0.680323 2
0.000372 134
0.208043 2
0.000344 134
21.873285 1
0.096776 1
0.146545 1
0.499978 1
0.244847 1
0.164724 1
0.574021 1
0.226130 2
0.000579 144
1.138556 1
0.078724 1
0.155507 2
0.003364 84
0.000782 144
0.752705 2
0.000496 144
1.991255 1
0.158389 1
0.174633 1
0.911690 1
0.208908 1
0.492853 1
0.148215 1
0.240852 1
0.787453 1
0.482496 1
0.179418 1
0.329155 1
0.199258 1
1.020275 1
0.957350 1
0.212809 1
0.164750 1
0.274084 1
0.209376 1
0.788589 1
1.242708 1
0.453409 1
0.175775 1
0.749380 2
0.021486 144
0.582604 2
0.000453 144
0.200625 2
0.000028 144
1.043311 1
0.157554 1
0.132102 1
1.028016 1
0.169418 1
0.182594 2
0.000611 134
2.122676 1
0.174789 1
0.081897 1
0.153832 1
0.152607 1
0.222882 1
0.842295 1
0.177349 1
0.220222 1
0.209717 1
0.277733 1
0.212191 1
0.144254 1
0.326566 1
0.652676 1
0.601776 1
0.191280 1
0.724663 4
0.570827 1
0.180642 1
0.227327 1
3.897000 2
0.617783 23
7.657439 9
0.000039 38
0.056290 23
0.097695 43
0.000039 4
0.000597 34
0.818709 134
3.664587 2
0.000356 134
0.215010 2
0.000194 134
0.821471 19
0.225706 27
0.398697 28
0.519496 28
0.491251 9
0.419787 12
0.455253 22
1.197176 2
0.569970 60
0.661976 23
7.481123 9
0.000379 34
0.000030 4
0.068305 134
1.767163 136
0.196820 2
0.000472 134
0.277594 1
0.254410 1
0.076736 1
0.174009 1
0.183325 1
0.230883 1
0.736402 1
0.261069 1
0.332116 1
0.282769 1
0.318781 1
0.221486 1
0.123881 1
0.282122 1
0.162703 1
0.443651 1
0.146439 1
0.220943 2
0.600170 213
0.064840 134
1.400830 2
0.000300 134
0.304873 136
56.676689 1
0.157810 1
0.325451 1
0.844689 4
0.500898 4
0.029592 4
0.032164 1
0.029378 1
0.030779 1
0.410244 1
0.186987 1
0.159900 1
0.110560 1
1.468143 1
0.240396 1
1.946190 1
1.051859 1
0.150851 1
0.188702 1
0.277892 1
0.214797 1
0.151605 3
0.851146 1
0.161693 1
0.248230 1
0.310871 1
0.246156 2
0.596884 23
6.530003 43
0.000862 4
0.141296 23
0.083288 47
0.000264 34
0.891260 134
3.835426 2
0.000463 134
0.184978 2
0.000436 134
0.331715 1
0.282710 1
0.140022 1
0.123256 1
0.199054 1
0.251072 1
0.775172 1
0.206717 1
0.230294 1
0.225822 1
0.298891 1
0.205845 1
0.193181 1
0.297542 1
0.132861 1
0.614404 1
0.202407 1
0.130036 1
0.239821 1
0.373043 1
1.077610 4
0.294458 1
0.281378 1
0.603475 2
0.573352 96
0.064643 134
1.614604 2
0.000551 134
0.209732 2
0.000417 134
2.050303 1
0.172618 1
0.131744 1
0.116953 1
0.207887 1
0.247489 1
0.149617 1
0.827708 4
0.532687 1
0.148218 1
0.208074 1
0.228297 1
0.269754 1
0.220912 1
0.173838 1
0.319736 1
0.207305 1
2.450059 1
0.295540 1
0.330764 1
0.722473 1
0.177797 1
0.347471 1
0.260987 1
0.229913 1
0.229322 1
0.178245 1
0.157716 1
0.741500 1
0.213929 1
0.276187 2
0.618333 60
0.605453 15
0.117806 22
0.000090 2
0.014857 20
0.000117 41
0.000101 2
0.166844 19
0.000314 20
0.000285 21
0.000215 2
0.021671 19
0.000271 20
0.000349 35
0.000224 2
0.006483 76
6.065665 20
0.000133 20
0.000072 2
1.373500 31
1.993891 46
0.000445 18
0.000155 2
0.000558 40
0.000312 2
1.510344 31
1.341712 46
0.000507 20
0.000512 8
0.024535 33
0.102962 36
0.039274 23
4.589963 47
0.085549 134
1.228510 136
0.190463 2
0.000332 134
105.364885 1
0.150852 1
0.127832 1
0.187983 1
0.318495 1
0.313307 1
0.228595 1
0.583469 1
0.174758 1
0.228941 2
0.150548 63
0.000367 503
0.000029 131
0.002407 134
28.251923 136
18.593447 46
0.002234 38
0.000726 134
3.588709 46
0.001304 38
0.001034 134
1.332019 44
0.629805 1
0.488856 1
0.026020 1
0.029601 1
0.029456 1
0.029049 1
0.030817 1
0.029931 1
0.030086 1
0.029944 1
0.030030 1
0.030938 1
0.029242 1
0.035782 1
0.024729 1
0.029722 1
0.029768 1
0.029782 1
0.030041 1
0.030068 1
0.029325 1
1.549882 47
0.188692 47
0.212139 47
0.200337 47
0.349716 47
35.069087 110
3.041727 2
0.325021 86
2.795512 43
0.102620 67
0.004820 31
0.000549 31
0.000476 31
0.000588 31
0.000593 31
0.019368 31
0.000693 31
0.000614 31
0.000821 31
0.000723 32
0.000849 32
0.000898 32
0.000606 32
0.000666 32
0.001085 32
0.001230 32
0.000921 32
0.000956 32
0.001510 32
0.000676 32
0.000818 32
0.000874 32
0.000668 32
0.000698 32
0.000830 32
0.000661 32
0.000783 32
0.000545 32
0.000746 32
0.000696 32
0.000687 32
0.000462 32
0.000449 32
0.000323 32
0.000313 32
0.000359 32
0.000021 65
0.069035 134
8.108582 2
0.000414 134
0.189304 2
0.000330 134
1.376410 1
0.155341 1
0.148844 1
0.459466 4
0.201916 4
0.472098 1
0.114808 1
0.190135 1
0.340514 1
0.303353 1
0.212723 1
0.152679 1
0.383859 1
0.207700 2
0.022477 134
1.648556 1
0.190280 1
0.159809 1
0.155270 1
0.485703 1
0.132542 1
0.271380 1
0.169734 1
0.191111 1
0.223186 1
0.172261 1
0.639048 1
0.324373 1
0.208119 1
0.941728 1
0.191631 1
0.329189 1
0.690694 3
0.188454 3
0.118040 3
0.137492 3
0.181027 3
0.241277 3
0.569576 3
0.210174 3
0.194713 3
0.232278 3
0.263027 3
0.211948 3
0.185398 3
0.243754 3
0.949082 2
0.265155 33
0.000326 69
0.000101 204
0.001278 134
1.488212 2
0.000489 134
0.923041 1
0.162922 1
0.148725 1
0.136276 1
0.508772 1
0.401044 1
0.225435 1
0.128298 1
0.244261 1
1.177185 1
0.190813 1
1.409537 4
0.257563 4
1.225087 2
1.668589 35
1.630576 1
0.350667 1
0.248435 1
0.131507 1
0.279557 1
0.284848 1
0.997967 1
0.230049 1
0.254133 1
0.207296 1
0.298085 48
3.955452 2
1.255672 62
0.000104 30
0.000073 30
0.000107 30
0.000081 30
0.000082 30
0.000091 30
0.000096 60
0.000077 70
0.000077 41
0.000319 32
0.000043 32
0.000258 32
0.000117 64
0.000236 32
0.000165 40
0.000581 28
0.000589 28
0.000343 28
0.000277 28
0.000262 28
0.000298 28
0.000279 28
0.000311 28
0.000327 28
0.000143 100
2.712533 129
0.820639 93
0.034588 134
1.754236 2
0.000779 134
0.198818 136
225.089725 1
0.666579 4
0.129157 1
0.212507 1
0.137543 1
0.673189 1
0.191817 1
0.849401 4
0.328152 1
0.198956 2
0.000709 118
2.121608 1
0.152850 1
0.245856 1
0.226528 1
0.127312 1
0.189858 1
1.154242 1
0.316682 1
0.520095 1
1.783250 1
0.133724 1
1.331095 1
0.273420 1
0.176022 1
11.553967 1
0.273809 1
0.203255 1
1.405157 1
0.767402 2
0.121851 118
1.061960 1
0.170341 1
0.140160 1
0.361214 1
0.400899 1
0.418511 10
0.435306 2
0.000596 142
74.661717 1
0.144555 1
0.309637 1
9.279901 1
0.286352 1
14.140737 1
0.753847 1
0.168164 1
1.122169 1
1.667137 1
0.232517 1
0.484080 1
6.781825 4
0.275680 4
0.198788 4
0.897119 1
0.366178 1
0.196242 1
0.365151 1
0.640631 4
0.519563 1
0.273370 1
0.293298 1
0.940232 1
0.177241 1
0.129377 1
0.788306 1
0.194118 1
0.237340 1
1.700078 1
0.661063 1
0.146412 1
0.139684 1
0.178644 1
0.213479 1
0.762206 1
0.278080 1
0.199791 1
0.788489 1
0.898174 1
0.163516 1
0.715218 1
3.426446 1
1.005585 1
0.350532 1
0.156384 1
0.166495 1
0.219796 1
0.860441 1
0.266026 1
0.161203 1
0.825197 1
0.365847 1
0.208041 1
0.507385 2
0.050281 75
0.001758 142
1.019624 2
0.000494 142
0.816217 44
0.547004 1
0.500191 1
0.030858 1
0.030602 1
0.030012 1
0.029702 1
0.030987 1
0.030054 1
0.033293 1
0.028937 1
0.030194 1
0.030419 1
0.030720 1
0.037543 1
0.023833 1
0.029954 1
0.031412 1
0.030762 1
0.031449 1
0.032223 1
0.029328 1
0.030909 1
0.030347 1
0.031025 1
0.030362 1
0.029332 1
0.031213 1
0.030246 1
0.028757 1
0.030719 1
0.030387 1
0.030495 1
0.034630 1
0.025514 1
0.030057 1
0.031341 1
0.029881 1
0.032018 1
0.266033 1
0.245443 1
0.327947 1
1.105738 5
0.877357 5
0.750528 5
0.240594 9
0.187635 5
0.834210 216
0.399018 218
0.235742 221
0.235002 224
0.104337 227
0.310521 230
0.109443 233
1.381342 236
1.693730 239
0.186863 242
0.215970 245
0.492664 300
2.176175 5
0.004928 76
0.000116 29
0.001450 142
9.615579 1
0.851863 74
0.824189 1
0.496953 1
0.030878 1
0.033221 1
0.030892 1
0.027508 1
0.031676 1
0.030701 1
0.032036 1
0.029704 1
0.030285 1
0.032301 1
0.027690 1
0.030885 1
0.030580 1
0.031062 1
0.032513 1
0.027734 1
0.030088 1
0.031691 1
0.030700 1
0.030520 1
0.040243 1
0.026933 1
0.029209 318
0.031623 1
0.029970 1
0.029699 1
0.032467 1
0.028651 1
0.029228 1
0.032938 1
0.027359 1
0.031332 1
0.031098 1
0.031783 1
0.029004 1
0.032176 1
0.028019 1
0.465453 3
0.499977 3
0.039532 3
0.024361 3
0.023184 3
0.034033 3
0.030916 3
0.031996 3
0.029051 3
0.036527 3
0.031675 3
0.029909 3
0.409609 3
0.231320 3
0.873236 298
0.499906 296
0.030137 294
0.042797 292
0.026738 290
0.326617 288
0.204630 286
0.220165 284
0.213497 282
0.210103 280
0.245159 292
0.792258 291
0.197885 283
0.557847 285
1.163427 282
0.260141 35
1.564356 2
0.042914 142
0.682183 144
0.172879 2
0.000434 142
1.107070 1
0.095921 1
0.179632 2
0.004065 13
0.001135 142
0.753419 144
0.165556 2
0.000508 142
3.214389 1
0.159460 1
0.312249 1
0.871492 4
0.252925 4
0.219598 4
0.766278 2
0.724343 79
0.762062 1
0.500204 1
0.033525 1
0.030471 1
0.033214 1
0.030796 1
0.038189 1
0.019539 1
0.030273 1
0.030589 1
0.031721 1
0.029843 1
0.030555 1
0.030854 1
0.030012 1
0.030067 1
0.030702 1
0.031009 1
0.037136 1
0.025258 1
0.030235 1
0.030582 1
0.030788 1
0.030527 1
0.029686 1
0.029978 1
0.031747 1
0.031741 318
0.035244 1
0.026612 1
0.029453 1
0.028142 1
0.030144 1
0.034236 1
0.029768 1
0.030922 1
0.030795 1
0.031250 1
0.031664 1
0.031090 1
0.034000 1
0.025926 1
0.226431 1
0.407360 3
0.499514 3
0.031807 3
0.035572 3
0.028416 3
0.027192 3
0.030636 3
0.030500 3
0.045426 3
0.019196 3
0.030951 3
0.031081 3
0.030737 3
0.031102 3
0.029224 3
0.313680 3
0.306442 3
0.383892 3
0.500041 3
0.031377 3
0.031293 3
0.030085 3
0.036430 3
0.179799 3
0.499836 3
0.031294 3
0.030888 3
0.034901 3
0.026227 3
0.030697 3
0.031231 3
0.031322 3
0.029682 3
0.030479 3
0.031096 3
0.030880 3
0.034363 3
0.032222 3
0.027562 3
0.030856 3
0.031377 3
0.029820 3
0.032773 3
0.028727 1
0.029551 1
0.889030 4
0.500260 4
0.031412 4
0.030373 4
0.031587 4
0.027510 4
0.030728 4
0.031970 4
0.030686 4
0.031737 4
0.031099 4
0.031062 4
0.029820 4
0.033518 4
0.028445 4
0.031041 4
0.035535 4
0.030919 4
0.050541 4
0.017007 4
0.033718 4
0.029484 4
0.048727 4
0.012888 4
0.030909 4
0.031455 4
0.030164 4
0.031043 645
0.032196 4
0.032245 4
0.030874 4
0.034995 4
0.028313 4
0.025841 4
0.030158 4
0.030314 4
0.031234 4
0.202854 4
0.500373 4
0.030361 4
0.030147 4
0.031391 4
0.207498 4
0.213693 4
0.783430 1
0.226605 1
0.258973 1
1.052132 5
3.265880 1
0.319593 1
0.383987 6
3.741552 3
0.716162 10
1.997836 1
0.229302 1
0.141785 1
0.100897 1
0.302187 1
0.539480 1
0.829874 1
1.211433 1
0.217102 1
0.210108 1
0.124878 1
0.953826 2
0.005662 142
0.641320 144
0.163170 2
0.000617 142
0.768859 70
0.594125 1
0.491704 1
0.031313 1
0.032991 1
0.027838 1
0.034328 1
0.027373 1
0.028659 1
0.030869 1
0.031919 1
0.030400 1
0.030294 1
0.031681 1
0.031658 1
0.028000 1
0.029834 1
0.042041 1
0.022667 1
0.034666 1
0.026124 1
0.371016 3
0.501268 3
0.030891 3
0.034210 3
0.023266 3
0.029735 3
0.030343 3
0.030337 3
0.033181 3
0.030407 3
0.030982 3
0.030392 3
0.030869 3
0.031369 3
0.029401 3
0.030887 3
0.032149 3
0.215546 3
0.230920 3
0.218982 3
0.566339 4
0.499264 4
0.030196 4
0.032015 4
0.032396 4
0.029499 4
0.031112 4
0.029218 4
0.030882 4
0.031264 4
0.031221 4
0.030071 4
0.029674 4
0.031236 4
0.032549 4
0.028486 4
0.031805 4
0.030030 4
0.030918 4
0.030841 4
0.029476 323
0.000121 322
0.030274 4
1.908740 1
7.883479 3
0.265136 1
0.472523 1
0.526031 16
2.171203 1
0.192927 1
0.161620 1
0.093407 1
0.274226 1
0.314901 1
1.714786 1
0.700267 1
0.159158 1
0.212369 1
0.268123 1
0.221519 1
0.159193 1
0.248736 1
0.876244 1
0.748030 1
1.234605 1
0.176381 1
0.692566 2
0.005439 142
0.737347 2
0.000495 142
0.175154 144
0.703476 1
0.148307 1
0.154874 2
0.003882 45
0.001354 142
0.972546 2
0.000580 142
0.218153 2
0.000384 142
473.996575 144
0.335290 2
0.000299 142
114.409761 1
0.179143 1
0.269681 1
1.645513 1
1.205079 10
0.479633 88
0.952469 1
0.548485 1
0.585523 3
0.497139 3
0.722217 4
0.498850 4
0.030427 4
0.030105 4
0.034176 4
0.031535 4
0.030493 4
0.031026 4
0.031743 4
0.029213 4
0.035143 4
0.026037 4
0.030436 4
0.030703 4
0.032316 4
0.031142 4
0.030982 4
0.031273 4
0.030647 4
0.031385 4
0.029920 4
0.030882 4
0.037757 4
0.025566 4
0.030296 4
0.029547 4
0.030193 4
0.030360 4
0.031536 4
0.030126 4
0.030313 4
0.030706 4
0.031264 4
0.029633 4
0.030954 4
0.031287 4
0.310515 645
4.619770 3
0.241021 1
0.921439 1
0.131496 1
2.132830 1
3.641819 1
0.224812 1
0.191083 1
1.927478 1
1.490844 2
0.004269 95
0.001139 142
14.152416 58
2.153751 1
0.501603 1
0.031857 1
0.030211 1
0.030762 1
0.030982 1
0.030833 1
0.031301 1
0.029349 318
0.030059 1
0.030733 1
0.029931 1
0.029637 1
0.031127 1
0.030491 1
0.030961 1
0.031463 1
0.030398 1
0.031613 1
0.031370 1
0.030964 1
0.031192 1
0.031315 1
0.041608 1
0.020148 1
0.030779 1
0.042219 1
0.028476 1
0.024807 1
0.027315 1
0.032218 1
0.030953 1
0.031687 1
0.029481 1
0.030608 1
0.031308 1
0.030850 1
0.031298 1
0.030178 1
0.031388 1
0.029606 1
0.031675 1
0.028829 1
0.030096 1
0.030501 1
0.031301 1
0.040644 1
0.027185 1
0.028622 1
0.030322 1
0.035972 1
0.038934 1
0.019936 1
0.031243 1
0.371315 1
0.990094 211
0.407010 213
0.649722 215
0.585213 5
0.019070 142
0.825791 2
0.000587 142
0.202270 2
0.000425 142
92.223083 1
0.140465 1
1.778545 2
0.067737 67
0.000540 142
0.829932 2
0.000521 142
0.238001 2
0.000605 142
22.440922 2
0.358446 63
0.363089 228
0.406935 153
0.000026 181
0.489431 88
2.656276 327
3.085616 4
0.499528 4
0.031164 4
0.033966 4
0.028014 4
0.028108 4
0.032472 4
0.031925 4
0.029939 4
0.031050 4
0.235443 4
0.294898 4
0.506338 4
0.027216 4
0.028754 4
0.030234 4
0.033047 4
0.029355 4
0.031430 4
0.310939 4
0.333236 323
0.000038 322
28.921503 4
0.500330 4
0.030811 4
0.030085 4
0.028043 4
0.030384 4
0.030947 4
0.032250 4
0.033178 4
0.030099 4
0.277592 4
0.210459 4
0.243343 4
0.240202 4
0.248437 4
0.421868 4
1.322986 1
0.418011 1
0.702922 4
0.466715 1
0.214655 18
1.809738 1
0.228087 1
0.241187 1
0.327745 1
0.247295 1
0.156436 1
0.865917 1
1.093825 1
0.739744 1
0.236971 1
0.282637 1
0.625328 1
0.177186 1
0.196711 1
0.917166 1
0.410300 2
0.004972 102
0.001350 142
1.972904 68
0.480499 1
0.496826 1
0.031348 1
0.040589 1
0.029442 1
0.022530 1
0.027752 1
0.034225 1
0.030364 1
0.029919 1
0.030431 1
0.030337 1
0.030648 1
0.031079 1
0.031776 1
0.030264 1
0.038754 1
0.021036 1
0.030918 318
0.030770 1
0.029656 1
0.032805 1
0.029018 1
0.036212 1
0.025536 1
0.028954 1
0.031512 1
0.030858 1
0.031675 1
0.028779 1
0.031640 1
0.032279 1
0.027083 1
0.031715 1
0.028708 1
0.031050 1
0.039051 1
0.020595 1
0.031306 1
0.035955 1
0.025582 1
0.038263 1
0.022819 1
0.029850 1
0.030651 1
0.030044 1
0.037644 1
0.030178 1
0.030310 1
0.029337 1
0.030159 1
0.036847 1
0.025722 1
0.028202 1
0.030545 1
0.031808 1
0.030177 1
0.030242 1
0.030673 1
0.030026 1
0.030419 1
0.031321 1
0.031988 1
0.030860 1
0.030191 1
0.031115 1
0.996667 211
0.376867 211
0.429221 213
0.931857 5
0.119389 142
0.967228 2
0.000404 142
0.173698 2
0.000364 142
0.549769 1
0.152762 1
0.431726 2
0.004995 88
0.001073 142
0.777375 2
0.000427 142
0.217367 144
3.034107 1
0.249496 1
0.179572 1
0.975365 1
0.225853 1
0.259947 1
0.246517 1
0.421667 4
1.228677 4
0.381212 1
0.418019 1
0.236039 1
0.363331 1
0.773604 1
0.346835 2
0.006200 142
0.765240 2
0.000566 142
0.195981 2
0.000380 142
0.574265 1
0.166291 1
0.351981 2
0.006135 85
0.000930 142
0.794317 144
0.210266 2
0.000461 142
12.364696 2
0.000473 142
28.131871 2
0.407137 17
0.630090 20
0.449662 5
0.678891 1
0.193060 1
0.224349 1
0.212763 1
0.741399 1
0.179003 1
0.174872 1
0.079863 1
0.184830 1
0.232019 1
0.714300 5
1.032151 2
0.725142 72
0.001270 50
0.000186 9
0.108470 31
0.000038 14
0.002760 2047
0.000339 499
0.012378 100
0.003677 2047
0.000126 510
1.778062 21
0.000151 83
4.602532 27
0.399327 27
6.162668 27
0.500662 27
0.033738 27
0.029637 27
0.325023 27
0.500092 27
0.031174 27
0.031643 27
0.031517 29
0.029521 28
0.029184 1
1.653622 71
2.617128 28
0.214254 28
0.273727 28
1.109100 40
2.247816 28
0.175861 28
0.174018 28
0.230648 28
0.205738 30
0.206170 28
2.251662 29
0.589684 29
0.352905 29
0.501388 29
0.170070 29
0.109050 29
0.248058 29
4.927717 28
1.376386 28
0.500780 29
0.030687 28
0.031046 28
0.391985 28
7.816719 28
0.345745 28
0.609485 28
1.966374 38
0.498901 38
0.030336 38
0.032336 38
0.035487 38
0.024977 39
0.030813 38
0.030471 38
0.029653 38
0.030268 38
0.030673 38
0.029726 38
0.032018 38
0.028976 38
0.031648 28
0.031604 28
0.032327 36
0.029009 36
1.721538 28
0.323650 28
0.760538 29
5.213693 29
0.542894 29
0.354329 29
0.234210 29
0.226383 29
0.177430 29
0.215699 29
0.961144 29
1.034389 29
0.223648 30
0.302945 29
1.663498 29
2.019603 71
1.165457 28
0.484760 28
0.235437 28
0.241105 40
0.608076 28
0.220776 28
0.187525 28
0.578138 28
0.575751 29
1.205347 29
0.453579 29
0.350714 29
0.237182 29
0.222077 29
0.196378 29
0.220139 29
1.190448 29
0.314764 29
0.255365 30
0.250820 29
1.342696 29
2.137759 71
1.680633 28
0.360732 28
0.194627 28
0.642433 40
1.267015 28
0.116772 28
0.147163 28
0.185704 28
0.203835 30
0.756087 29
0.229828 29
0.199205 29
0.700923 29
0.749067 29
0.133213 29
2.100221 28
5.054269 29
0.570109 29
0.409425 30
0.571539 29
0.143674 29
0.155541 29
0.257032 29
0.998673 29
1.843149 29
0.113174 29
0.195598 29
0.152660 29
0.218332 30
0.757031 29
0.245783 29
0.178327 29
1.264318 29
0.414958 29
0.183057 29
4.551737 71
1.486520 28
0.716261 28
0.380998 28
0.395214 40
1.573359 28
0.131625 28
0.250732 28
0.312316 28
0.156595 30
0.240857 28
1.757313 29
1.385189 29
10.418911 28
0.268406 29
0.843816 29
0.397851 29
0.252674 29
0.204432 29
0.147242 30
0.238760 29
0.878191 29
1.307257 29
0.111039 29
0.179133 29
0.082055 29
0.224390 29
0.691408 29
0.296820 29
0.163258 30
0.835331 29
0.327685 29
0.205651 29
2.871374 33
2.004530 31
1.353801 41
0.500102 40
0.029939 40
0.032354 40
0.029725 40
0.031290 40
0.032102 40
0.046880 40
0.009663 40
0.031253 40
0.033026 41
0.041065 40
0.024957 29
0.029068 40
0.029570 40
0.031065 40
0.259598 40
0.195687 40
1.083218 30
0.167249 42
0.653868 29
0.929460 69
0.231901 64
0.292558 38
1.148135 40
0.555851 40
0.188176 40
0.240010 40
0.876283 40
0.550730 41
0.131717 40
0.243826 40
0.164044 40
2.615771 52
1.180709 51
1.001630 69
0.194587 64
0.247428 44
0.734183 40
0.559336 40
0.456971 40
0.300431 41
0.214656 40
0.145807 40
0.252847 40
0.910476 40
1.867417 40
0.170427 40
0.147609 40
0.144121 40
0.199051 40
0.223794 41
0.273923 40
0.247267 40
0.782557 40
0.192219 40
0.243512 40
4.264540 52
0.287001 29
1.922620 42
0.100232 18
0.001744 34
0.430590 24
0.000057 25
2.494338 24
0.100705 61
0.767715 56
0.947573 1
0.273622 1
0.854226 1
0.000082 14
0.000117 12
0.062215 18
0.013767 62
0.072647 142
0.534975 2
0.000375 142
0.190011 2
0.000538 142
0.965614 1
0.186244 1
0.225161 1
0.226526 1
1.291341 1
0.132402 1
0.145524 1
0.138071 1
0.190794 1
0.096349 1
0.777828 4
0.150118 7
0.665289 2
0.066679 72
0.000939 51
0.000157 10
0.282847 45
0.008910 1676
0.001797 100
0.010730 1645
1.938597 23
0.000762 42
0.346489 23
0.000493 42
1.162832 21
0.000148 83
0.739220 27
0.274939 27
25.739220 27
1.146693 27
0.376430 29
0.500813 31
0.031017 31
0.028600 31
0.030382 31
0.028537 31
0.786998 28
0.314557 32
0.485480 29
0.648676 31
0.455664 28
0.500709 28
0.032705 28
0.030839 28
0.278104 28
0.290281 29
0.287187 28
3.027936 28
0.288533 28
0.990732 58
0.293205 58
0.239010 58
0.544429 59
0.931362 57
1.558088 30
0.464892 29
0.363310 34
0.806359 31
0.501061 31
0.032140 31
0.216918 31
0.281914 31
0.243018 31
0.253583 32
0.499227 31
0.032017 31
0.238637 31
0.317589 31
1.066843 61
0.220124 61
0.238030 61
8.164836 34
0.573604 33
0.765358 57
0.444646 1
0.484864 28
0.310240 49
0.849157 28
0.448655 28
0.779295 67
0.202799 67
0.210775 67
1.224847 31
0.499442 30
0.424873 35
0.632264 32
0.512421 32
0.033065 32
0.033805 32
0.030284 32
0.033677 32
0.029846 33
0.207210 32
0.258030 32
0.194690 32
0.443170 32
0.676909 63
0.191897 63
0.230130 63
1.693125 32
0.388007 32
2.836995 35
4.824757 34
0.787943 30
0.500006 35
10.149762 35
2.161303 18
0.000073 24
0.100414 18
0.000566 39
0.865859 23
0.000036 27
0.000067 6
0.574018 1
0.237567 1
3.033090 1
0.000085 14
0.000122 13
0.076576 18
0.002851 62
0.003615 142
1.611897 2
0.000390 142
0.512883 1
0.076348 1
0.164990 1
0.242219 1
0.848335 1
0.771002 4
0.449930 1
0.200594 1
0.107211 1
0.270672 8
0.559680 2
0.053422 279
0.001134 142
2.001582 2
0.000635 142
0.192876 2
0.000433 142
2.412876 1
0.102702 1
0.132459 1
0.234142 1
0.833460 1
0.145045 1
0.134356 1
0.106693 1
0.216528 1
0.191436 7
1.063188 2
0.003950 305
0.001186 142
22.888398 2
0.000559 142
2.656416 1
0.155641 1
0.213805 1
0.205430 1
0.430748 1
0.189755 1
0.153358 1
0.091084 1
0.174676 1
0.257574 1
0.689595 13
0.760302 2
0.264157 72
0.210442 58
0.045618 10
0.144452 31
0.000077 14
0.007743 1980
0.000252 260
0.002813 100
0.013722 2047
0.000132 319
2.005428 21
0.000143 83
1.129512 27
0.348503 27
0.673236 27
4.634218 27
0.237582 27
0.272473 27
0.263349 27
0.309523 27
0.287890 27
0.299895 27
0.335994 27
0.502992 29
0.036909 28
0.034555 28
0.020392 28
0.027240 28
0.033715 28
0.376362 28
0.302010 28
0.501336 28
0.031334 28
0.029633 29
0.030222 28
0.030983 28
0.031510 28
0.300454 28
0.243550 28
0.890959 28
0.245669 28
0.379305 28
0.683440 38
0.277213 38
0.235888 38
0.241226 38
0.227016 38
0.235508 38
0.369229 38
0.919737 29
0.296906 29
0.555810 29
0.238725 29
0.161340 29
0.826511 29
0.191198 29
0.190841 29
1.779837 30
0.622543 31
0.479194 31
5.164806 38
0.241364 38
0.868104 29
0.179624 29
1.386224 31
0.500943 31
0.391230 28
0.241588 28
0.215435 28
0.194798 28
0.841556 51
1.035816 41
1.602041 40
0.100172 17
0.000621 33
0.658005 49
0.000036 6
0.750551 1
0.259658 1
4.793335 35
0.104731 18
0.002037 33
0.000033 29
0.002343 142
0.745708 2
0.000390 142
0.181647 2
0.000588 142
1.407345 1
0.130948 1
0.138709 2
0.033083 85
0.001335 142
0.813691 2
0.000685 142
0.245880 2
0.000556 142
3.737716 1
0.212835 1
0.056159 1
0.163319 1
0.123043 1
0.241975 1
0.700297 1
0.208641 1
0.216897 1
0.202303 1
0.257089 1
0.224966 1
0.117284 1
0.246045 1
0.240660 1
0.867327 1
0.245437 1
0.297921 1
0.943375 1
0.186536 1
0.212379 2
1.985765 64
1.608895 15
10.603844 23
0.000352 2
0.000459 20
0.000350 42
0.000285 2
0.104313 19
0.000569 20
0.000305 22
0.000282 2
0.146396 19
0.000618 20
0.000355 29
0.000318 2
3.096154 31
11.727688 44
0.000201 2
0.000554 18
0.000065 2
0.000516 36
0.000616 2
2.160681 31
87.911611 81
11.509045 81
19.680821 81
1.265510 24
0.043243 527
0.000025 241
0.000019 2
0.000038 693
0.002646 28
0.000241 23
0.000732 23
2.498821 79
0.000377 2
0.362284 81
0.431401 81
0.450673 81
0.925163 81
1.986796 81
3.785911 81
0.385038 81
0.743645 81
0.823295 81
2.356255 81
0.001503 82
0.000861 82
0.003613 153
0.340432 81
1.755483 240
3.934896 27
0.422590 27
0.168785 28
0.000051 2
0.000374 24
0.000041 2
0.135963 29
0.001596 21
4.029444 79
0.065993 82
0.679889 82
3.197300 82
0.656885 82
1.188638 82
1.110098 82
1.064101 82
0.915781 82
1.066775 82
0.770205 82
0.984989 82
3.453405 82
1.020106 82
2.326896 82
1.242812 82
1.411497 82
0.000111 82
0.000410 328
0.000148 82
0.000150 82
0.000094 82
0.000144 82
0.000124 82
2.555644 921
0.000640 11
22.728646 46
0.000388 20
0.000313 33
0.000367 2
3.058845 20
0.000394 35
2.395159 20
0.000533 47
0.000418 2
2.425288 20
0.000441 44
0.000808 2
3.110815 29
0.000107 2
11.115116 44
0.000385 2
0.000871 18
0.000221 2
0.002852 22
0.000832 2
2.658494 31
1.762140 46
0.001450 20
0.000678 59
0.000393 2
2.479366 31
1.854736 46
0.000749 20
0.001402 8
0.014652 33
0.357579 38
0.004332 176
0.045207 23
7.346868 43
0.000148 4
0.104396 142
3.788926 2
0.000415 142
0.177142 2
0.000409 142
1.217217 1
0.183421 1
0.102600 1
0.158182 1
0.170755 1
0.253815 1
0.904750 1
0.165399 1
0.201454 1
0.219070 1
0.317533 1
0.226555 1
0.238405 1
0.284893 1
0.173876 1
0.280604 1
0.457257 1
0.260441 2
0.694126 213
0.072174 142
1.460750 2
0.000564 142
0.210232 2
0.000462 142
100.850008 1
0.150441 1
0.150104 1
0.092718 1
0.212615 1
0.447823 1
0.267206 1
0.609154 4
1.064506 1
0.482814 1
0.162234 1
0.224989 1
0.284360 1
0.224883 1
0.184273 1
0.270866 1
0.234672 1
2.838108 1
0.189640 1
0.187047 1
0.371301 1
0.708338 2
0.592747 23
16.384882 9
0.000296 38
0.078740 23
0.313391 43
0.000038 4
0.000896 38
0.996350 142
483.849152 2
0.057388 142
0.157797 2
0.000536 142
0.278478 1
0.203776 1
0.148727 1
0.103541 1
0.475467 1
0.513462 4
0.251539 1
0.238715 1
0.946439 1
0.293367 1
0.248938 1
